Mut-Wid      dVDW      dEEL       dGB       dNP        dH
  30LEU    2.8768    0.1074   -0.5137    0.1758    2.6463
  32HIE    0.1254    0.0408   -0.0577    0.0012    0.1096
  35PHE    0.0161    0.0032   -0.0051    0.0000    0.0142
  38VAL    1.9546   -0.0075   -0.0513    0.1464    2.0422
  58LYS    0.8528   -0.2118    0.1186    0.1815    0.9410
  79ILE    0.3425   -0.0313    0.0372    0.0182    0.3666
  88TRP    3.5224   -0.5802   -0.3520    0.0732    2.6635
 104LEU    0.9716   -0.1032   -0.2198    0.1771    0.8257
 105GLU    0.0778   -0.0024   -0.0095    0.0002    0.0659
 106LEU    0.9593    0.1019   -0.3310    0.0561    0.7863
 107MET    0.0869    0.0687   -0.0610    0.0000    0.0945
 111ASP    0.9304    0.3021   -0.3111    0.0848    1.0061
 112LEU    0.0361    0.0085    0.0535    0.0000    0.0981
 161ARG    0.0731   -0.1088    0.0927    0.0006    0.0574
 162ASN    0.1659    0.0328   -0.0477    0.0035    0.1544
 163CYS    0.0395   -0.0042    0.0108   -0.0001    0.0460
 164LEU    6.0417    0.1759   -0.4133    0.1939    5.9982
 176ILE    0.0519   -0.0169    0.0707   -0.0005    0.1052
 178ASP    0.3653    0.2655   -0.2919    0.0185    0.3574
  TOTAL   19.4901    0.0405   -2.2816    1.1304   18.3786
